Y1	pistils	size	petals	pedicels
1	2.60	23.23	15.20	1.95
3	1.00	26.89	5.40	2.02
4	1.00	24.06	5.20	2.26
5	1.00	25.62	5.00	1.95
6	1.00	26.51	5.00	2.25
8	0.80	28.68	5.00	2.60
10	1.40	24.09	14.60	2.49
11	1.40	25.02	15.40	1.87
12	1.00	26.95	5.40	2.13
13	0.00	26.35	5.00	2.39
14	2.00	25.48	15.00	1.92
15	1.40	24.35	19.80	1.96
16	0.00	26.87	5.00	2.45
17	2.40	28.61	15.40	2.19
18	2.00	24.28	14.00	1.63
19	1.67	26.82	16.33	2.47
20	2.20	28.27	15.00	2.38
21	1.00	25.15	5.00	2.22
22	1.00	24.69	15.20	2.08
23	0.80	26.88	5.40	2.08
24	1.00	25.63	5.00	2.44
25	2.40	24.29	14.20	2.74
26	0.80	24.72	5.60	2.04
27	1.00	26.02	5.60	2.18
28	0.80	27.09	5.20	2.20
29	1.00	25.62	5.00	2.26
30	0.75	28.09	5.50	2.29
31	1.00	26.11	5.00	1.95
32	2.00	22.47	14.80	2.31
33	1.00	23.17	5.00	2.61
34	1.75	23.39	16.25	2.43
35	1.00	24.08	5.00	1.86
38	2.20	27.62	17.60	2.12
39	0.80	23.43	5.00	1.83
40	2.80	25.46	18.20	2.33
41	0.20	25.64	5.40	1.98
42	0.20	26.28	5.20	2.02
43	1.80	28.10	11.60	2.22
44	0.67	28.55	6.67	2.37
46	1.00	27.05	5.00	2.47
47	1.00	26.78	5.00	1.99
48	0.60	26.89	5.60	1.73
49	0.00	27.51	5.20	2.67
50	0.80	26.34	5.00	1.95
52	1.80	25.85	17.80	1.81
53	1.00	23.06	5.00	1.50
54	1.00	24.76	5.00	1.78
55	2.00	25.48	14.20	2.19
56	0.80	27.72	6.40	2.81
57	1.25	26.73	17.50	2.30
58	0.80	25.58	5.00	2.08
59	0.60	26.39	5.00	2.09
60	1.00	25.52	5.00	2.04
61	2.20	25.97	18.20	1.88
62	0.80	24.89	5.60	1.46
63	1.00	25.01	5.20	2.41
64	1.60	26.18	15.40	1.98
65	1.00	26.30	5.00	2.43
66	1.80	24.32	15.20	1.97
67	1.00	26.16	5.00	2.20
68	1.00	26.05	5.20	1.73
69	1.60	24.16	15.60	2.35
70	2.40	25.27	15.20	2.21
72	2.00	28.42	14.40	2.14
73	1.00	22.85	5.20	2.81
74	1.00	21.72	5.20	1.98
75	1.40	23.45	16.40	1.68
76	0.60	28.04	5.40	2.17
77	1.00	23.63	15.80	2.06
78	0.80	25.43	5.00	2.15
79	2.00	29.42	18.00	2.08
80	0.80	25.84	5.00	2.20
81	1.00	24.04	5.00	1.73
82	1.60	22.74	17.00	2.14
84	0.00	23.28	6.00	2.09
85	2.80	24.77	14.80	2.28
86	0.60	23.90	5.00	1.68
87	0.80	23.67	15.00	2.40
89	0.40	23.73	5.00	2.30
90	1.00	27.13	5.00	2.12
92	1.20	25.41	12.00	2.33
93	1.80	25.35	17.20	2.15
94	1.50	27.61	17.50	2.70
95	2.40	24.04	17.40	2.24
96	1.00	26.38	5.00	2.15
98	2.00	27.67	14.33	2.24
99	2.00	25.90	14.20	2.32
100	1.00	29.18	5.00	2.29
101	1.00	24.71	14.80	2.30
102	0.40	26.57	5.00	2.01
103	1.60	24.09	19.60	2.17
105	1.00	26.85	15.40	2.20
106	0.80	27.28	5.00	2.35
107	1.00	26.02	5.00	2.29
109	2.00	24.20	15.00	2.79
110	1.00	26.30	5.00	2.12
111	0.80	24.66	5.00	2.68
112	3.25	26.67	16.00	2.02
114	1.00	26.70	5.00	1.61
116	0.80	25.36	5.20	2.51
117	1.00	26.55	5.00	2.57
118	1.00	24.37	16.00	2.17
119	2.00	29.19	18.40	2.10
120	2.00	26.25	15.60	1.88
121	1.00	26.46	13.40	1.69
122	2.00	25.39	15.40	2.20
124	0.80	23.91	5.00	2.02
125	1.00	25.73	5.00	2.13
126	1.00	25.42	5.20	1.55
128	0.20	29.28	5.00	2.23
130	1.00	23.90	5.00	2.18
131	1.20	23.15	14.80	2.24
132	0.60	23.97	5.00	1.73
133	0.80	26.66	5.00	2.14
134	1.00	29.50	5.20	2.59
135	0.40	25.95	5.00	2.24
137	1.00	26.82	5.80	2.67
139	0.60	23.70	5.00	2.40
140	1.00	27.27	5.20	2.20
141	0.80	28.67	5.20	2.30
142	1.00	27.45	5.00	1.91
143	1.00	24.68	5.00	1.73
144	1.00	26.80	5.00	1.93
145	1.00	28.87	5.20	3.01
146	1.00	26.72	5.00	2.13
148	1.00	26.74	5.40	2.00
150	0.20	23.82	5.00	2.12
151	1.00	25.94	14.00	2.60
152	0.60	26.93	5.80	2.49
153	2.60	23.99	19.20	2.04
154	0.80	24.93	6.00	2.42
156	0.80	26.83	5.00	1.82
157	0.80	23.87	5.40	2.43
158	1.00	27.09	5.00	2.02
160	0.50	28.25	5.25	2.52
161	1.40	25.30	15.00	2.55
162	1.00	25.36	5.00	3.11
163	1.00	24.98	5.20	1.92
164	0.60	27.74	5.00	1.73
165	0.40	26.12	6.20	2.26
166	1.00	24.66	5.00	2.89
167	1.80	26.32	15.80	2.43
168	1.80	24.47	15.60	2.55
169	0.60	29.18	5.00	2.43
170	0.80	25.96	5.00	2.07
171	0.80	26.06	5.20	2.15
172	0.60	26.15	5.60	1.80
173	1.00	25.07	5.00	2.43
174	0.80	28.66	5.20	2.13
175	1.00	28.16	5.00	1.90
176	2.00	25.93	17.00	2.14
177	1.80	23.75	16.40	1.84
178	2.20	25.59	17.00	2.33
179	0.80	24.54	6.20	2.04
180	1.00	25.89	14.00	2.16
182	0.60	26.23	5.00	2.17
183	0.80	28.01	5.80	2.43
184	1.00	25.45	5.20	1.99
185	2.00	27.18	16.00	2.12
186	1.00	27.62	5.60	2.18
188	2.00	25.10	17.80	2.28
189	0.60	23.05	5.00	1.78
190	1.00	24.19	5.00	2.23
191	0.80	28.21	5.00	2.56
192	1.33	21.74	15.00	1.54
193	2.40	24.01	18.20	1.81
194	0.80	25.02	11.60	2.23
195	2.00	27.60	17.60	2.49
196	2.00	28.93	15.20	2.14
197	1.60	26.43	15.80	2.53
198	2.00	27.30	15.20	2.29
199	1.00	28.54	6.40	2.97
200	1.00	25.49	16.80	2.07
201	1.00	25.60	5.00	1.92
202	1.00	27.20	5.00	1.85
203	1.00	26.83	15.40	2.27
204	1.00	27.03	5.00	1.94
205	1.00	26.85	5.00	2.46
206	1.20	24.27	15.20	2.46
207	0.75	23.65	15.50	1.66
210	1.20	25.56	15.00	2.56
211	1.00	27.52	5.00	2.24
212	0.80	28.78	6.00	2.21
213	0.60	23.77	5.00	2.42
215	0.20	24.09	5.00	1.87
216	0.80	23.50	5.00	2.34
217	1.00	26.04	5.00	2.20
218	1.00	27.37	5.20	2.54
219	0.80	25.90	5.00	2.22
				
				
				
				
				
				
				
				
				
				
				
				
				
				
				
				
				
				
				
				
				
				
				
				
				
				
				
				
				
				
				
				
				
				
				
				
				
				
				
				
				
				
				
				
				
				
				
				
				
				
				
				
				
				
				
				
				
				
				
				
				
				
				
				
				
				
				
				
				
				
				
				
				
				
				
				
				
				
				
				
				
				
				
				
				
				
				
				
				
				
				
